904488
740311
330118
249585
632155
435761
33463
817426
878868
459057
239701
417458
89443
82082
853675
754883
252526
308148
40362
181204
88528
634667
610280
743967
288837
900734
853442
140558
307219
633019
178351
752033
239706
508470
772482
642725
715095
805945
555664
460339
360514
566229
877797
220821
648311
597848
746569
671702
1508
557795
852906
765389
287974
329563
604868
576812
325809
324686
488234
633028
728569
666585
480573
63788
270567
119432
477377
756526
20889
803905
312377
152268
236511
56550
373089
884822
654399
890522
422900
426771
543830
142183
58536
831804
471746
663404
274992
568419
83603
763226
296959
812172
525324
548396
646824
566755
667828
895066
418794
459582
794483
502035
382714
126506
558586
526667
782193
79361
512702
71469
276996
152044
889004
335533
754712
227126
769801
125217
795545
624268
888443
863368
302817
280143
507277
45153
846899
41481
711083
132069
271927
371943
404968
654641
269313
734418
276821
822370
813779
560387
893840
861640
712431
649220
292685
333519
876347
157998
458736
767404
782267
213556
726285
855948
264563
99938
671965
882326
816771
478561
109907
184211
850504
285740
609716
215329
115670
886537
808564
24962
313300
797916
657466
796595
542648
45663
225627
285371
879013
684363
148288
527656
668783
645437
479116
28859
516239
246594
6697
428522
725155
791957
612733
442035
173209
88826
428228
288879
70875
332304
84705
384176
901084
742171
276283
310109
558698
272774
595480
533224
728002
514632
831744
492297
26445
406373
292020
542684
423831
69582
66719
15362
861539
450316
457397
805612
539142
656489
865355
380882
759658
45573
535922
527118
558608
583069
608091
888171
855844
299084
287771
679358
584580
215027
38031
611026
392264
330052
20086
816095
399634
86805
831457
127549
307986
155230
28673
847128
582584
894028
94386
437754
710465
630308
735736
135450
79754
439340
119133
31110
509288
177768
481332
189380
392795
519363
571270
785060
620279
591357
467531
115425
449026
394501
13838
757012
320595
42511
699653
903179
707404
564903
207309
284245
290724
38558
419695
370478
248762
309692
172452
758050
487460
653784
42942
651120
39523
385077
302556
659803
71946
770087
546092
520972
30964
330795
373497
351560
144170
844014
121115
851574
504429
99289
2196
566017
813199
192755
707359
157473
502448
879811
11035
760772
399971
729329
278268
210359
209918
580824
641026
52728
217288
53494
573701
248252
384289
718062
370676
528460
657588
491792
246410
28393
591081
248606
365275
499792
441362
168146
428129
714674
818822
439164
341822
85169
34869
620091
295528
244788
67291
32066
68380
284579
760913
642081
532832
240714
226519
903508
769174
654971
261676
111097
683365
623621
130567
144152
894277
342793
83162
417918
152979
901984
627946
265666
758018
662816
885757
149058
678468
723912
856477
746848
104004
712902
255306
407700
49128
481825
177584
589167
232309
439261
471128
686538
158394
372559
601554
148184
715353
684716
336966
868332
453077
60425
229510
306607
723241
886131
226529
268085
705556
178518
110445
580424
662284
136615
83636
482277
618441
261220
166956
621614
471345
408948
403664
400604
781507
100730
319652
592372
556310
656618
327081
104899
717043
327455
411506
306660
309099
638036
574745
785519
587418
456055
232319
345215
592670
315955
827492
77487
348039
765312
699101
819385
269772
873629
86365
822143
69871
406017
510028
626182
158147
607973
501945
646055
30940
8964
48227
110903
417864
393837
896422
100794
620756
224253
216873
79802
311072
139877
157290
659112
676053
627255
344873
41337
596397
431238
863481
437132
837255
239885
158826
766266
847858
660772
507833
878798
440600
326925
85214
858464
491626
752500
730122
207894
747618
42508
287696
829554
857737
215850
355042
629303
843106
699915
441504
305879
902017
171361
743011
605648
182110
672702
238291
125480
199850
746124
775143
411314
843913
631221
136154
431051
250097
866276
409809
768579
679648
468370
693646
403762
684220
144200
128577
393702
614980
340945
699581
383373
283171
308969
84534
465281
752535
322825
590762
47897
839813
232281
459211
779239
863502
595365
76666
884463
328017
257340
748555
103178
725710
537713
506940
276306
452777
406381
670009
163269
518190
235966
546643
801361
315799
402041
362155
163846
495730
723781
887095
431055
51574
212682
76670
685940
578911
828689
436779
2441
181541
280846
780971
678115
589423
154287
49933
813065
331532
490806
71846
849722
726773
389353
746596
813436
562258
879615
72795
153500
698908
730754
355420
521346
38949
432090
73662
617860
127155
510441
391165
308696
562152
267648
82323
17951
192799
807609
831016
524331
393927
673727
240430
216212
833944
757890
800513
491715
733017
873308
416079
298301
470438
771499
590511
509387
69966
435037
222760
197121
716342
384789
276682
374006
652438
129869
391958
616101
32990
89350
235945
426918
763077
476375
413994
692534
100641
310019
279761
833658
49703
695840
902823
520142
333716
588846
800393
403682
794747
794017
371667
606601
274319
648349
751472
22269
778219
9806
638370
582073
99156
645179
779855
862234
892418
289362
650280
88571
370245
700905
693093
190813
263121
691428
481819
596837
146650
377724
771383
36909
267254
238563
643511
541573
657776
490495
334706
302371
500301
743940
884445
370321
484632
759812
328067
243426
820038
749211
331998
56660
316492
795955
247473
579614
582896
729292
42827
729546
202528
585075
537320
240646
594502
47207
782219
347790
537702
212437
650162
808867
727242
400983
274700
307386
27171
373632
321676
847210
218355
424538
903870
534848
316006
17719
885326
898902
517875
699017
494824
720403
379604
803008
56562
69618
850215
609645
188273
483429
592947
838435
158672
415701
334930
433373
493951
362101
807005
815627
75687
796224
335678
750421
197448
651684
539004
853638
416962
152391
648168
682650
872795
798636
581171
700221
639119
526898
405378
827392
781192
769189
532203
35376
280402
637997
239613
774353
770962
817482
685493
617514
709219
792035
463447
2179
539231
97964
855818
727057
21219
370362
505219
894014
35374
181902
460611
674493
708801
636854
368261
585505
501555
900464
391745
781958
404837
631359
422687
271312
544353
203692
888826
349084
91239
218649
122128
401334
87477
748810
223903
108697
890036
729123
773575
20922
681889
100563
695416
486202
737417
834541
842571
105348
601382
329829
658170
101731
732052
176370
143907
371917
380062
803597
491866
242166
117759
384858
414364
880588
229180
638268
760149
214728
233767
629237
235650
11168
500664
701930
268235
333593
631984
881670
209805
328878
77875
867976
201473
809927
139858
345381
48221
290784
244490
540087
303814
133113
20457
718179
784566
20501
222823
640227
6093
456590
135840
241743
238622
636504
714538
277721
740961
212898
254904
46279
312640
332779
9767
514113
9083
149625
630358
57304
211273
645713
597391
515088
778826
388712
328779
429768
180077
551602
165508
186170
779056
72212
427913
788542
708717
8827
161776
545190
221725
187544
362333
534365
291187
372100
819343
300270
292589
545213
357574
503863
286438
725829
789815
836129
885405
214106
361409
160994
536572
297781
347164
182004
369994
545942
741410
849575
554769
903186
490277
547359
861594
623475
852588
248294
91087
767443
548564
154541
179033
677003
429268
465471
498344
314595
397112
250126
528701
529386
411120
836137
827167
758285
113653
292673
170603
625927
8624
725372
624626
269766
139107
352596
893241
87208
600890
755192
625515
15831
5245
804548
692834
434513
136396
57554
749108
304372
307680
144185
833758
489665
75834
756438
114326
864839
819975
284929
586279
828600
781165
77281
193878
15785
200741
857983
778345
801632
708687
499372
588327
713933
170297
376673
14822
306693
205091
763931
611065
283636
678980
311200
773301
525679
163150
658491
256894
753989
38932
614037
448965
820097
462182
413707
835882
662924
367202
480603
560068
846754
75488
243907
656199
16649
391444
441885
323342
367399
72192
705271
651035
751173
111983
290712
372364
45997
44715
400122
570851
758999
109672
115328
674609
571854
299900
376867
330290
437966
857471
661222
380232
703823
641
807295
720472
162949
344693
814678
530349
416885
386325
47760
34434
498309
109337
177662
315170
829404
577785
886021
683916
687457
772214
224901
125687
167626
601768
455978
376456
325615
212712
756689
124950
888706
430360
616286
147167
545917
297340
677516
58315
683666
496141
768101
48351
605478
41276
363521
530394
619061
345055
309822
172894
212781
534723
298581
151271
2868
525423
527727
328483
738136
150792
224298
493218
581153
611448
640385
897934
4301
184278
51761
458831
680419
590727
507182
152273
632003
641567
682667
117440
82134
763354
61198
65779
164453
359779
217050
842673
656067
515642
37533
260579
666434
261831
753797
113963
873279
489694
107410
648444
444836
834523
878139
896119
520762
480833
143904
19141
217913
597436
136581
70911
456302
197779
136691
391619
328423
124605
100669
755354
640247
138202
111445
173058
400033
865242
287021
139688
221312
165295
558997
666149
770683
532648
657780
386957
784346
801685
176963
773123
265497
84408
844034
492663
53052
751589
884282
381475
876195
80463
3205
611954
218665
114650
785012
389562
75404
842898
300115
67580
103705
859112
733729
874388
487272
257886
127722
137994
830435
304685
6629
191444
159957
850664
684107
213009
468629
434765
365348
440336
286093
368553
147803
504758
483203
703679
665185
329471
642089
60812
397052
516659
15436
901645
257423
273572
255043
156009
411567
856342
231558
189060
143298
391516
135236
598269
604525
374730
128547
65386
815066
414640
433939
733733
690262
688007
532925
221823
112990
41390
282635
280906
328913
68935
278064
586337
342508
303971
742346
524939
255826
69417
713999
169988
460933
620100
539122
160970
90342
667669
901708
920
853173
431160
505518
409811
214679
133955
631635
98533
850697
9782
150304
275123
78718
428368
861460
192090
503203
470182
717029
529893
539599
297404
470746
771396
13016
105380
703231
103358
543913
700451
779631
492598
227123
380661
902409
212666
285480
629556
82064
231689
639339
232368
277676
488921
431600
5512
681011
30315
475695
264416
331073
786158
561820
801819
423931
345701
678063
222674
449059
317488
18637
95066
810086
16625
246591
578871
155
302935
74804
82219
305489
485007
314587
583165
69440
746187
588678
521315
547367
835237
785731
649304
716907
213927
317499
236350
559628
91074
229888
779552
408562
248526
645482
85024
36015
892074
434759
36170
290521
509563
118390
596010
90082
203841
45552
834874
45541
634230
451701
363772
564979
103808
108588
148262
317736
426087
155477
877364
517161
385365
523292
696587
404755
264287
552475
440770
251873
758098
247805
313258
363174
366195
680133
224120
570036
725685
154507
386441
226291
606208
750213
562134
480881
858801
710396
798617
151264
636737
542357
439289
792967
836514
231388
293234
196313
554727
504869
219050
408338
752674
532308
542376
214381
78817
537360
555281
804502
691867
712587
801657
164452
558312
459303
645333
283490
36076
310326
205618
672813
623547
644908
561292
555573
876296
625391
751886
297400
225772
741800
476602
749310
140485
789842
734555
219302
422714
385348
794669
210094
193447
691838
145410
522624
246654
561607
576978
282730
871933
782596
726407
361856
523016
383212
12942
265689
779467
535692
333953
776103
373005
810555
620925
513490
695909
450992
503656
889487
607204
393837
870445
800652
181188
111367
189652
427842
672974
537494
710572
411283
415602
532491
544004
709483
686567
327810
746036
332410
863502
175501
204025
102883
81568
824950
387237
548341
371454
890894
304204
74171
380243
270162
645687
561431
381529
606203
760137
825368
239209
337085
103027
425675
640441
417895
230670
422520
745705
72218
525795
475584
18583
729820
578467
775503
421147
736569
419356
563465
722975
723561
408500
874082
764587
149699
301890
12492
526766
157539
837860
536839
494625
711752
58027
230578
225159
59561
423962
741729
807132
720621
312825
825715
545954
662156
696731
737965
494237
886951
396942
83588
476888
805443
53183
336987
726006
125937
349480
119149
54340
53716
655988
548965
536332
714015
550407
761492
773577
745234
598733
447085
332231
682422
368312
649049
440090
835907
482526
29840
818371
879469
113428
161635
551288
841963
498623
372806
63412
618967
491955
117753
672683
14320
437582
304528
728335
758854
836884
368288
370464
301993
815373
702695
79927
50062
447257
520017
885969
700647
320721
570716
675628
205014
732352
93292
142489
97351
236963
881254
716318
499782
769871
255377
514102
73829
330769
337950
832683
34029
477102
69523
336022
158852
543083
186813
884266
761204
477695
636611
557363
798416
302840
99368
98942
806056
192660
12296
903407
429623
893550
486101
24918
758933
512342
539020
832762
843112
647834
531822
877141
895801
372209
79540
150165
10804
266353
805295
772008
514912
537418
424884
408841
611122
295116
278647
512690
487776
290943
282473
12912
50869
539438
713182
809802
147293
347714
508941
85917
766413
811627
733922
757726
279348
813462
678755
61017
850680
579562
603889
461104
212492
124285
640809
823615
190265
690321
202681
678042
76776
485155
461818
127646
120105
270512
708312
38262
389090
83629
124179
251015
895256
628966
779605
40981
537940
553872
101998
254996
904298
705887
486965
212303
601037
898638
806782
791302
684471
780327
335720
761248
131858
797538
659758
22828
163562
463582
61090
552653
318076
860622
574532
308844
585100
449650
120689
893904
99034
898039
244413
98845
699439
502242
82012
166852
496392
659658
729018
47240
535497
160251
579352
438220
53301
334622
461048
892216
569068
522138
540381
658008
478272
210425
62365
158884
660075
858406
148301
529974
851958
163578
399683
417773
436684
481695
584625
703940
7729
180019
751180
314090
340270
426044
752310
164436
531530
308870
152164
871463
831009
692545
624983
175657
673834
458212
334542
200286
412131
253707
730260
130465
188149
225455
548238
624833
478014
228375
424285
256607
408394
41842
570697
519529
238750
418520
683965
541145
727390
836129
278984
424775
395050
674831
600433
164396
228556
705839
135546
411551
55058
865806
312880
243207
862125
861118
638904
206515
860357
158701
463122
135127
875895
129332
654656
210158
318716
204997
751303
141618
136638
125799
566394
302552
800630
33203
466949
800050
739042
373359
77977
794100
334678
390857
808171
63179
347487
542587
40559
74220
472152
503681
209348
443560
403877
864004
424582
722593
164514
271397
635076
72016
168060
67846
374569
64202
101049
612382
635117
840091
81253
483958
500567
186795
874816
404250
249975
88679
717701
61398
162900
285365
565079
372248
499789
739821
102628
19883
328790
267142
62144
59378
110023
230204
127224
484592
65271
228273
867838
471252
839228
719955
50722
435307
2263
21050
839557
23102
785082
423634
84500
43494
479864
420443
186606
75165
26640
289234
770401
355431
327241
603409
185673
437264
833614
312898
692720
669749
312035
656070
236513
17640
471537
58099
452947
244664
79150
158881
267766
635096
582515
123130
678590
157891
314438
865196
3921
341078
249942
545186
696509
577183
244107
882183
785311
173233
61457
573543
613846
144356
95989
621223
161996
338391
679323
385808
583055
529337
544689
621686
259945
898068
515680
34047
151472
830118
670107
830745
266709
690913
471443
734082
363609
715550
482641
15296
659648
544098
588840
369006
459319
684829
761094
621315
118732
535929
777987
472652
160778
418188
865202
420723
411769
476394
225634
334105
402025
895741
31226
439598
682166
502669
269192
816639
84595
751834
831936
744243
162308
287152
884114
621627
67493
511584
109319
861578
143025
887306
200606
74667
171871
161320
495390
354504
408578
491888
459473
810603
483141
490699
345713
31683
88880
385770
619187
848827
3980
546635
459447
166288
833787
209937
558780
672144
721521
668099
400098
864546
421781
371568
34725
364516
532888
300979
719020
36979
792867
274005
618446
142384
535568
735024
849419
395312
891658
564118
339652
895638
881617
799099
157438
581780
104548
716218
349437
826069
250693
520399
556991
443339
891968
362580
807855
291232
663559
393252
99075
322802
438121
717522
465186
69202
318922
410117
235378
306092
745100
575030
297242
722229
240505
225544
399522
115917
712627
519823
712850
58832
811086
365353
273035
798566
727933
851755
860663
257868
111383
55250
580670
549504
543636
816720
389570
862558
322350
624949
35026
838314
66355
332268
656055
306861
328677
826441
193642
136816
212640
2005
871000
119239
138222
239548
688669
637020
186815
644844
894888
298198
470959
341935
618566
110107
254167
103649
743530
347381
499462
549420
281207
336681
652553
708127
643542
76742
630080
608049
213558
842721
610054
180070
732824
519140
419618
517005
251672
377297
28226
12937
446359
499185
354872
160438
380156
379903
34951
894550
727285
305277
539483
779356
641958
287548
582995
151877
364290
308588
759926
577848
17685
236356
528782
750509
755496
43913
133890
102681
192074
162116
790970
638434
432165
12218
569736
812322
392121
604687
573248
890270
680828
208243
765139
418298
266655
443646
570175
630945
523098
196477
75169
311647
432833
603952
833020
283842
418729
62423
157387
381667
224539
719221
115613
656705
731439
456213
335403
894424
831764
4163
880207
608104
212407
511722
797267
249926
726232
462954
880872
115707
430296
726905
427354
863129
197233
355887
13347
386826
418310
846086
768494
413713
431683
654971
841282
258634
206697
272197
19435
809325
47225
899642
512942
30496
277740
405721
280422
99484
639539
256806
890543
165347
754576
413410
799341
722673
540161
583552
205012
729335
296015
744370
238560
727698
494853
850707
81845
472414
218416
776632
377252
265641
771786
661058
296137
820390
162291
576560
690738
572694
604230
676794
508906
225182
185716
403759
43368
496741
758175
19244
321588
149702
763614
331012
877401
124843
277231
730110
368122
266512
602254
516238
303017
240416
272808
370019
831670
205963
42091
617920
549521
417185
390226
153939
413232
346806
328562
456600
843547
182250
475844
31511
331952
105834
362524
75729
230677
410619
576703
598799
677131
45333
885901
75661
56613
254221
216544
888283
231048
29499
601716
780570
446684
87454
705373
630780
434261
129448
182892
144184
311698
429600
175696
414514
306298
309084
261108
536976
719703
837811
2151
263211
883145
888053
109736
710622
8650
326280
694418
10563
355779
391646
561997
573327
249964
362882
299620
684225
492330
253376
599274
574892
453841
774970
84919
760139
179566
346027
163491
670133
50214
840995
704208
704223
595424
813944
510358
374938
235736
300288
385501
362379
462798
718362
31219
712762
176757
101703
492500
439951
355079
187286
110356
579784
733120
870627
435436
683550
312166
369791
220059
133244
306298
19780
837468
901722
833724
214202
372173
840325
514490
528538
69080
72800
342413
100299
785562
290034
877354
144438
729985
98810
102588
840341
678594
606572
577344
884894
385634
889510
350198
376558
793619
656496
396338
497463
424595
325574
711665
567632
32275
92531
191682
101356
165331
534095
877007
721757
594993
849874
637060
420491
44196
510512
127208
722790
887949
704553
703197
139959
460439
824259
516517
349570
576267
8367
847033
771726
104806
425074
434870
137081
517605
626553
238437
453800
27024
886309
271070
622018
831695
678994
813373
875891
55882
36093
465057
39343
740646
34630
179303
67462
858889
695820
187896
301533
704188
130442
168771
579858
555516
603642
716939
843986
96571
726241
393298
798947
708062
435232
287341
635269
209738
196226
377536
265621
3184
613457
75828
514694
648088
255131
582156
602489
721816
770053
674886
521516
671359
843658
196886
93251
313676
684689
32749
181111
506442
426048
750922
80880
861280
133776
487013
841883
100866
864549
878368
104050
344383
49708
618745
87983
304840
296413
461336
797520
837330
231735
185412
604201
846257
153162
697453
26309
837851
501066
882772
210670
22626
729206
291550
654771
862982
549428
592166
59361
280353
566046
838763
624736
615754
553020
712719
691458
620298
269568
584490
553140
272167
769902
23718
889288
18576
492035
11109
627292
88613
664745
837962
111240
489463
900376
766011
218822
545316
453689
49047
825670
790599
887810
545918
501865
536343
125014
59700
23017
165446
644190
576157
437613
280469
370739
422413
69909
862774
204386
697201
46900
869131
630675
833492
224970
397428
465879
443792
38256
15080
492839
634790
576543
247026
276221
173920
783369
401235
4484
577250
566681
419539
19783
775158
700008
390523
63947
769917
348809
39197
562631
166573
679192
59682
95577
904162
457110
561456
443467
266231
347400
707170
901021
19455
49708
272754
868728
603941
444853
873212
276703
782398
159127
67351
423932
859135
457874
258743
495429
806683
297940
828924
744121
72644
888606
839698
747671
212093
496667
57514
478324
844067
764684
245721
634387
585257
289340
598627
55574
734193
338215
103142
382968
497343
170493
806900
222854
628367
836508
718283
301426
229960
413583
141059
73469
168566
76270
821140
380659
343801
878654
629847
54244
509714
875568
459495
865835
260420
828986
16922
765478
262714
120064
243958
530921
290557
821722
524639
689788
524606
109299
86726
754567
522882
903138
598900
691448
750272
286416
842971
189585
260582
339194
14693
541160
310275
474189
502508
341559
398687
519430
202549
432265
410358
217371
734050
700915
809958
354202
486215
430076
463501
343805
51019
81895
113319
649919
544208
863591
31847
253555
824040
63293
592750
609598
604454
903025
179299
877826
340096
348850
263632
313510
781116
673990
301745
610678
470417
207215
60392
727496
408156
294757
842165
459175
147517
50997
879959
691725
685452
682670
40792
375869
745964
633542
80979
216794
402943
260278
865484
513904
609128
224628
598278
256620
898618
900023
867299
464547
878103
698555
58419
381771
88825
671448
611810
7206
493309
587281
698931
274274
365464
510587
650143
882292
10506
731122
194598
184313
762264
155594
698217
466904
380222
162871
494389
145216
158407
457200
609763
807374
22131
439046
284657
786308
206006
667331
793514
699316
350125
358821
744454
486453
640273
260973
464257
650779
87607
429719
835092
849871
356177
399686
183151
736399
562557
677540
881615
491828
1116
357754
394714
698600
567664
450235
351284
544534
213079
240311
110226
334068
369996
854680
820521
105781
211165
151154
756560
69636
580873
458029
690371
32562
628579
644387
539825
57512
188303
287816
549341
864772
416434
714919
658884
754962
31531
105680
395008
15474
116855
505235
120406
486852
226291
36439
592633
208321
862945
215570
277957
539330
673599
739193
342756
397690
479092
653445
226066
667395
36773
775407
398543
224071
356703
152939
74545
159098
29484
240417
849924
821691
745652
65842
404055
742808
102281
767553
46641
60738
78635
95462
370932
523098
834655
484552
691652
180123
233509
13230
618383
41146
559502
112438
265217
11717
265378
110626
846167
65726
351043
791603
887417
867560
857445
157849
705880
730590
20914
752521
562192
99549
847983
703988
622647
549015
284052
409811
729138
517561
423041
443033
329571
753407
555472
365652
535988
591714
476278
477667
657440
598185
135646
411233
561257
88603
569082
133513
590057
589996
886034
247761
460409
600394
47261
853920
244921
102177
130107
744923
390602
553149
283469
720173
172932
609805
856689
708921
297031
428479
282100
725335
797529
417747
232080
225162
277214
572027
358676
867272
257535
340222
885897
488809
711480
28671
438241
51913
806200
568349
796837
292315
892362
851170
783352
160806
556487
735554
869727
624382
30409
18204
445229
827938
435951
448173
148613
484029
115712
507289
446813
144112
618375
428223
632921
425368
227758
166674
248145
129470
505887
815846
192649
493761
533392
71514
425432
185391
807068
390671
809773
837477
408875
121378
760928
615690
569552
680405
195232
685264
54070
412909
829376
672445
841132
328673
868677
839754
266212
212335
740089
772099
799045
28250
132237
427950
99764
557669
384205
2344
43852
60355
610686
223592
181733
237990
610146
751285
13907
805378
302926
67977
84664
903166
511286
696660
327352
475476
631927
593564
458675
467528
232039
124096
266642
364276
552046
137271
17457
707116
814967
736662
767471
521165
731118
44716
759155
436776
566866
543926
108531
869792
611903
193195
639334
894054
889855
62198
235906
388158
426626
465445
626550
429530
589541
893193
793806
7964
125976
582128
715080
711807
185166
578063
328485
687148
622779
183152
894788
56021
497943
98831
21325
880710
62890
660660
870276
723610
493722
201694
207280
691213
667139
604695
216255
123057
593400
780925
131021
490240
229429
616965
297559
185459
290540
396908
872607
684183
350925
633772
740205
848868
503467
532394
825090
566358
59430
561743
156344
324017
763437
363624
110742
296953
63831
97861
190874
428095
649650
321895
689199
649944
709724
757623
606267
95776
20907
345251
550823
371832
74535
157404
87076
578002
689799
7679
10736
520093
569422
167080
844110
199235
301569
725716
267052
136264
823577
457926
335224
339604
550685
119935
760412
355921
648422
462191
222561
440194
807442
773385
812026
881977
26301
899103
555492
486964
677646
337092
102570
113444
504173
42192
83543
805742
767909
350596
37518
457862
579386
372742
568330
225584
263542
424254
352369
682828
886446
574931
218534
560264
214692
801425
537754
11857
566904
864110
498822
340062
296714
372256
224370
571751
414448
307913
473005
48733
429373
510524
277460
104272
654130
845790
329856
13184
136421
453089
466877
793731
123532
685411
449507
338224
582348
758125
350082
244764
717747
619768
355690
785326
87536
580060
452589
272848
658838
21107
321582
183723
302495
369906
287995
727489
82072
388715
511538
218493
841805
73927
107736
736201
530202
328108
845290
208063
181745
61748
223691
670357
681516
350246
551195
539916
25818
99296
812764
455520
795755
722
639244
869114
370628
698103
462980
452701
857683
70030
442058
795000
819309
320659
397577
445023
648767
338379
423950
830512
400127
418506
596381
852507
768752
13952
487935
565434
788601
167076
116467
679868
167798
755711
415359
309291
320190
878339
532856
273385
719233
745778
839249
634054
161949
332339
174589
810716
441582
369404
507605
841710
787910
874850
560593
652174
659667
819393
313120
543780
81981
429587
90024
20643
51674
276247
100798
371865
250098
633654
416114
64843
245809
350876
469761
407758
683215
644351
84851
220309
109267
363320
832883
897177
104546
488989
415727
764213
403894
728847
403505
256739
253947
264394
277382
76485
540641
149045
448350
561604
553563
864465
397311
799372
81717
867073
302643
764932
377800
158358
756105
257931
521678
455365
21484
626224
715218
437211
485950
889976
261570
660319
242227
286381
20225
290473
362867
560867
439518
582081
217983
763946
312922
615294
658830
394639
348743
56985
255083
726543
215343
782053
79986
507885
103794
101470
229622
819012
538681
486436
804500
571116
242267
817591
857497
33357
878928
86740
594224
184823
668822
583071
44281
77256
64741
703111
471896
413485
530961
497843
235540
517168
146272
86391
120566
250066
187861
121052
164590
497407
607488
739954
164035
849755
423921
792396
883112
169226
879137
343712
354049
643471
697647
169194
491591
762389
643169
58999
42250
269642
327707
48654
557675
473979
135045
678241
724046
93771
570157
659500
362042
273157
265831
526077
893776
460616
184849
643265
629842
159498
82489
754755
573833
551001
694813
836289
179766
433495
895288
222016
474001
89371
41534
127188
563351
851932
576293
153773
716567
241962
584137
174121
285983
849968
471062
275272
176961
655911
14049
577667
586274
771890
427935
26483
189267
893612
862772
369033
422619
624437
361913
896621
713808
174312
794673
143535
121756
466479
297308
838323
479305
881446
107956
765289
597790
579018
811425
774751
101305
825474
447931
687579
463740
646730
484927
653008
635854
443211
792905
153986
838512
21195
821471
647833
195507
711656
562232
317263
44511
859541
21962
523817
836499
129918
155482
529801
479800
62419
400065
581105
658757
618860
135061
893361
361102
619988
412745
92468
834063
301163
17318
538952
93222
838789
53161
288729
416822
615393
605992
461333
570446
398818
756014
273321
528736
7008
803123
779400
744779
69564
226881
499048
459288
361942
258786
820390
752794
671531
683722
453234
743558
701041
87698
836780
406206
816211
896373
823028
527116
368741
150738
193075
767559
2264
466396
162671
684625
135895
37583
524916
880811
264465
794829
435611
397271
824479
122377
16442
591522
806100
240540
201457
373517
99102
809101
779723
10825
800987
469128
537941
265240
619866
501880
128312
392994
739141
290983
173131
645900
99431
468912
622224
363896
130117
828699
532031
50108
46589
548473
641630
852689
559877
613951
321718
658979
518565
872305
669804
185928
207809
74122
451168
598539
576002
350344
87046
181519
641328
31041
827420
511623
270817
316020
646383
400934
240231
273926
451042
286820
593264
863537
235021
248653
573000
327603
3145
862429
66285
672949
143869
274094
747071
595038
643498
189450
716246
730544
370969
223950
532449
64765
735573
803267
380785
477468
70577
621017
751395
521620
3349
211035
480669
9235
459688
824533
107702
462833
782475
849339
2159
21856
218946
520094
387758
862444
709544
199517
459364
851378
423467
762677
11655
254553
432320
392441
732021
502898
784322
349792
795382
787671
560827
371563
567770
116028
291608
446337
349725
844947
391188
122748
866804
380998
642843
120938
338954
218763
320455
569182
841005
514787
198236
623525
769340
630556
111478
367737
904318
666664
488394
795212
320711
144733
262287
888482
31625
324760
201195
152215
265219
592383
274963
902887
68894
688670
119338
178712
678298
210657
518759
385679
725444
716995
104716
361160
213927
891546
499762
213758
653722
83668
104482
69946
228401
137634
729292
30891
233258
25999
183106
269341
618382
228933
267741
458140
688468
157943
636853
462278
368600
21988
847957
864909
738983
723538
321581
723774
710596
821343
33044
459831
523
812879
529777
904277
46025
354581
30680
50147
151444
889138
319488
769826
213583
358093
94343
902051
516036
502060
230705
655501
524048
849527
615922
129407
668577
708367
853181
245549
625223
886226
705380
396610
565481
101533
167263
382370
226978
873295
432517
378422
857945
752005
14625
842393
205611
108968
610820
492511
611028
612390
243524
230588
557429
859446
359995
92382
434190
79552
337931
154925
736642
814176
322399
397635
11221
260527
780005
238200
229334
78898
387486
858144
601768
402111
566913
578243
511079
44109
166266
892971
656499
180655
219071
80304
810965
349930
172686
340667
200347
281482
266456
32501
191170
588856
430137
877743
849383
76518
886807
849581
830769
369806
803237
528049
542781
236526
201804
824725
280636
138934
813208
32647
319589
803144
788304
226067
19450
731854
566734
219797
108848
833191
252299
70882
288423
453300
44138
4182
300682
26457
624627
226963
396263
294241
525876
34557
530767
498544
630146
811403
637479
538866
614915
727932
437522
498731
724863
227837
96961
387110
447634
205810
86677
470797
47556
145964
19609
91694
825498
91156
118152
545637
318119
285279
839878
614860
90700
466158
208916
720846
143937
617259
126089
758852
440704
334475
123959
261079
562312
896273
419053
105459
872947
276594
347120
16015
422558
137594
107710
343568
228750
901214
660070
317733
52869
595460
28105
143570
832482
237022
635280
71932
854281
761369
601648
161361
191357
496472
422441
753669
488257
612358
629992
456716
888953
747977
472731
407023
885571
351305
521456
209833
348031
277038
527566
171765
643362
326536
315335
571357
334422
46127
643289
55079
578361
340449
216441
769718
836921
409746
389763
191554
117616
790620
648270
777433
634109
891866
50833
386056
338683
572289
595889
457579
620191
894319
629344
359065
87231
715543
25934
421653
532534
440087
476733
881759
780537
693174
746989
483834
873784
3129
446253
762264
564613
190035
635210
65098
852765
686043
451154
57825
124708
817907
515404
744899
807738
11124
874828
894970
497531
900763
182999
800929
436362
659732
778201
83275
219282
391566
337974
188578
394695
784227
721707
730172
745126
452429
795270
693404
233984
112800
751229
358692
26219
133009
874455
833958
819485
844795
595304
183392
611934
778303
79833
819161
304412
858034
673300
294558
345113
106786
254001
510672
661877
71220
336357
273380
523649
902491
62296
528497
110804
584389
658053
812375
488262
628020
741845
174123
339191
203525
357515
46638
752693
437348
865799
827969
161759
405475
218039
506872
283126
472040
788408
40515
314124
895629
313895
608637
893633
147055
232646
775301
502308
890699
683188
86082
385095
291410
260205
724287
265799
388584
541789
789356
825933
273964
712837
83204
679439
701741
360940
58077
40157
244860
773945
354282
236002
858704
58431
900499
776624
291078
542176
374444
48153
91740
231391
204113
383150
262460
23912
419814
651045
336565
304682
343354
610529
113032
197422
156344
814773
558362
214422
854930
574086
759231
75588
580952
713447
134020
347827
356447
195962
660867
730892
14979
752608
733147
219092
2134
91119
243004
421948
742164
579569
726631
856382
56474
610527
149316
212819
291676
478542
198105
12982
823493
52848
88571
499957
537159
897943
618649
893607
189417
375028
490875
204396
898500
319534
194353
900635
410653
437357
188959
19194
787791
686454
875576
615129
392493
120405
827948
455033
598947
796917
468016
517952
620629
327451
788774
253301
91770
273799
13284
52051
419691
504159
256447
413704
823693
221664
180715
100722
659022
369674
119916
313189
151641
91005
699182
314998
211410
393507
770032
581221
285936
104424
870038
2078
202739
525188
26243
294509
569851
39527
346560
85054
543686
373871
269622
233755
595536
450337
334477
120934
820012
454394
204987
67165
316263
904169
382163
298537
393188
18571
879758
449989
122995
616172
452067
96598
7736
478310
391107
577587
288701
737667
662642
832387
207051
27776
837006
573451
478114
266995
694385
164502
721389
899372
2531
133164
899053
155558
202565
158618
174130
177836
608607
67989
564872
156186
164588
572609
405360
555695
245708
694061
159739
679214
392824
137654
706991
325342
711105
51481
363201
501002
891335
855455
266750
893866
759483
32179
144936
57561
190797
89930
235397
799404
157920
571133
726454
93372
239254
902678
649067
484963
463115
579670
30553
855939
717324
737544
47657
523941
559889
410859
795807
546736
361826
158069
536114
892173
190249
451915
45246
381046
541845
51507
46827
699765
622641
544145
793137
861895
542336
308581
213234
100963
888251
243788
727767
471952
752196
775424
91405
178462
52659
658077
725198
185349
816146
127689
173035
777259
579604
218281
24682
216961
269789
71509
687591
892430
615654
347104
620701
24366
426549
604800
125330
181177
619452
853097
653129
467160
494897
515398
645622
318421
268987
237197
503770
855998
364886
447669
728769
715354
665951
753451
703179
706604
595824
486282
465410
77855
604251
181623
102221
126312
557287
902903
78353
272251
622376
731482
739412
212786
342393
251410
302071
382244
488607
805841
333754
624357
119887
833388
435223
556702
453215
233915
358818
819904
491061
824228
897759
190824
776715
770844
88001
200379
769260
166354
472630
487148
897837
307554
470798
106606
329829
772869
488850
818436
445087
593469
309170
564974
522369
744393
217188
71096
73820
346870
891000
564882
37474
655135
526570
585053
521492
614571
785432
157128
551790
353575
415140
545139
431993
656803
422609
761822
525184
682323
446635
741135
371304
755805
401621
893673
366574
389673
735634
211259
736543
493010
547005
774017
243658
169087
454583
536014
554523
335527
464006
201825
689102
879146
517828
891960
631461
35949
749294
23022
489136
62305
764157
860441
588974
32155
620490
51061
421828
222500
262320
253884
715511
809325
798765
730033
749276
119724
361559
170175
455252
596429
372000
10730
571087
660692
902690
68925
467505
518361
91947
52154
351530
626968
8107
36017
659123
399461
762430
851816
621962
120262
876564
432985
700451
770841
29394
316103
890566
390953
486279
212194
758246
629143
898276
424845
385348
896479
264634
623717
281216
127445
675871
632746
525278
454842
439627
279913
854304
297569
902593
342642
188695
874669
775627
660010
511887
805021
71626
268829
62350
328769
481023
820596
728776
474811
111817
884988
237666
147316
604218
289746
274761
146465
18005
570903
601308
457632
850817
321988
526066
619786
664630
714761
589968
306633
470284
872719
882518
312774
237060
715732
412407
488947
402704
236695
734622
285385
217196
67801
432701
821414
128411
478327
738743
146416
144742
435563
374913
766423
528415
900979
481722
59421
482116
842554
366054
47912
581649
114948
131550
818709
830680
543957
174032
328896
780653
4166
614282
768713
747319
142495
456503
875731
391686
290758
793011
536429
497186
34300
169228
121113
30791
650950
855887
283772
359880
317453
102548
37041
203266
234099
626614
129458
548920
800646
458355
195949
575677
843501
60174
189372
756860
287541
160615
244059
578300
724491
551352
170998
758791
720580
62975
560447
237907
14374
844219
368651
102692
717631
405693
305958
47242
127819
435416
596163
699330
664635
562976
370519
374512
623151
330755
226885
6204
262235
241808
355368
82238
793160
526366
611893
380116
360206
38716
388887
374580
653799
757539
477272
466943
29608
554094
514185
832779
85023
881212
627621
520522
539701
769004
895035
29228
195272
892784
710784
457507
230104
161665
310609
794128
458895
18014
40620
589965
56731
429508
60058
710530
53423
308194
272985
83031
862289
558035
686674
718176
305623
180672
105074
616188
45188
770973
645416
11324
759269
222577
239695
84885
384242
321168
879013
614001
110047
690498
299479
842130
890870
130401
419036
39805
209459
692022
798188
842612
116433
580374
427164
192920
761046
532239
809109
577099
398724
550037
359287
253506
543478
369847
109255
698584
691015
759133
408098
571926
545143
478441
509568
531525
608842
24117
571330
589165
487003
235894
527290
603436
587132
49966
796356
443691
582205
700977
791654
751794
117391
17317
776164
431733
387164
885419
225830
849044
740064
404792
516482
151583
883233
121563
683108
358451
821032
120814
43128
403547
356708
570418
102495
714705
391249
669715
24772
744318
237069
816426
591624
125324
604607
463300
557057
87284
215096
553751
707192
726024
54055
90050
877608
32800
886965
656228
162115
803509
547907
880596
302568
675479
546526
175927
485696
708639
616507
510468
548470
853576
193270
235606
749764
797878
469771
173197
656026
684867
726949
458730
506403
781004
548780
479523
584669
302122
2128
746784
201143
550035
722892
503712
91890
135795
679639
577587
844434
391658
183567
259280
111610
147702
494887
632238
41092
735522
805436
697118
515901
398761
22224
793168
275277
341868
139068
630810
643990
816548
243971
845134
232959
737727
215222
324849
644386
894861
902436
584333
152896
856868
843613
35370
100082
204876
667609
816526
35910
339421
380020
322675
738182
402244
886708
784323
744112
121288
281510
254479
33348
525481
870477
37171
358720
181211
362020
98619
846936
130833
453816
770696
758565
163805
806067
629511
139546
340052
541549
850808
450337
17081
268996
54895
190189
251216
610082
705165
143368
891592
55156
852068
512585
21145
889239
642170
877708
117635
511653
820157
248468
736333
686365
102545
671002
358808
502920
810548
698860
139981
756869
244709
832414
796729
70468
118115
818809
680551
594145
57689
667655
649301
5269
46617
441311
665372
459651
414531
783007
66816
101064
802340
574013
787430
675749
340527
241750
274182
246588
711475
185027
774321
727048
788306
437426
797517
677285
351747
573580
366942
180300
336747
787108
860921
383364
323931
621805
843015
509326
271188
680695
610391
169040
350220
493333
844790
461612
505947
889836
708200
312934
170375
348897
135495
54193
786323
703876
731479
4446
372968
193933
184746
709715
751905
141179
863944
171348
762984
573335
451539
805036
120407
157442
69589
241491
421639
9891
703103
698450
899727
277679
106897
840966
626576
13256
895160
279275
717132
493015
283721
860964
457812
239331
437055
305230
380510
396511
247442
9870
740711
698981
814907
861118
856423
655360
873473
144438
665251
672089
842889
431354
45280
720650
138696
442721
504770
804720
721996
88278
393247
776582
44754
621924
786777
252673
698018
262800
649185
40972
43534
256272
739954
629305
888254
462753
380177
857239
378056
816292
624840
87321
114022
670121
807971
252719
883706
179117
152951
472078
267395
317063
115036
83013
34499
901814
335686
732517
30990
755735
544353
74524
782871
379819
703830
766637
613437
179519
719389
762357
766676
210605
849678
880698
651590
753161
228929
630808
703142
381881
198399
741401
469808
313435
595278
504307
310761
701828
103200
341751
553076
647553
187140
431459
798237
661834
64473
278050
612217
554726
135919
474405
765331
81109
450616
512434
605134
679545
9618
403788
832290
883369
11565
397610
292317
606843
672781
373942
404183
775981
486558
728123
289911
444562
255095
859012
201908
90432
232574
814125
645158
139357
384043
506001
895818
834659
789299
596464
380580
798918
771116
308383
548663
782681
705993
840980
255900
474287
81299
660083
116644
338721
483719
177419
783283
509678
131943
756055
600110
135381
665692
111644
274738
820599
617645
266068
521634
273321
633396
902215
843103
270888
306110
487278
824433
782967
194635
175845
123630
46798
606793
11139
385519
186024
188558
35178
466566
91366
791233
162188
226747
323301
273832
501486
10277
662341
538418
531911
706526
38191
529638
645141
309079
606612
903284
229025
255956
193431
175734
379586
240229
782527
161589
396612
739415
350148
202654
301493
441514
764751
234545
439125
858916
279241
36123
869193
37095
345406
496617
743621
383597
797119
255139
463540
499244
253935
463429
755200
218230
410028
1162
229323
288067
162752
625935
122995
283764
828589
195352
496142
459716
429898
30779
414144
709139
742255
378850
517098
858525
646331
127096
108498
538962
382235
572038
133718
407034
806332
659782
625264
311872
431809
854587
370803
365425
346898
493798
649189
41863
460015
240843
501579
889913
42486
11235
694564
784741
160949
78039
509642
807280
205135
618140
441755
587370
285691
346337
89916
862887
776984
486044
270271
304305
436143
641074
669730
553905
1249
185295
595768
461264
197002
868211
217553
239488
879446
682981
795094
811260
761020
400248
714052
61667
113901
251319
419901
170456
368521
280681
128855
241017
766725
169990
545322
69244
581928
81428
623149
354041
266723
85293
586169
463725
49016
803722
703213
699327
353080
364683
606099
209612
764932
415663
42144
649697
437847
462045
591017
806368
742727
719872
142897
604964
660726
459083
445073
338166
540511
163734
692208
807234
19892
373889
366471
68908
43988
840548
539099
397068
300744
240710
606680
836540
427238
648824
581749
865085
881734
39142
766965
719973
529878
680726
191313
286116
235321
636386
395146
775832
570985
182866
449442
590877
327620
815913
430649
142472
522837
65261
539540
823581
305971
12596
526497
733209
432285
879110
464670
409531
13764
98011
900368
543642
778737
187193
829758
784922
823580
91281
427130
260941
45011
876572
851818
372631
558861
148843
515103
177211
214104
825507
771656
290940
838104
164530
795013
365901
139152
355196
546296
152917
224071
542176
467423
98321
729369
163558
654107
419325
254839
852102
680266
299850
824186
398460
443346
249424
547304
729313
197499
532272
650333
740019
823212
583949
61
713738
720714
139214
839798
362522
62995
834733
210
530418
703918
729579
464840
453538
15281
719679
401152
695547
790394
91714
864872
329252
341138
507688
154077
309501
135472
804410
145033
729549
254735
145094
309663
70961
55172
15837
204347
118167
850570
204557
419450
650001
705001
884290
199051
720282
470346
371067
282205
356252
462781
13453
456368
574784
521141
610445
884285
427478
281232
124830
252539
306831
40789
333066
148657
95961
348903
353004
889481
294985
328426
175307
40498
128939
830461
10413
620085
396319
381480
673154
523435
615126
686608
75315
285422
74125
456625
36083
501603
737857
836266
525006
140200
877055
858072
288857
743880
302487
412726
728873
368337
741152
904180
408835
870091
601018
190113
356552
92849
571593
800570
387149
53095
582690
462464
338517
427680
14601
374601
700147
523322
306379
320666
663523
49810
45114
723244
793690
118466
231482
618076
486803
68146
388632
666502
709101
760514
856615
836517
853364
294585
503464
336025
347680
857018
569353
686198
380210
354819
831663
175870
878141
4418
267400
637176
54228
312514
226797
618782
430980
229143
103234
13295
68154
262731
679798
548119
118757
631925
251013
67633
697374
754477
174522
140567
707007
514740
597629
182730
869559
524804
358600
843212
300086
626000
346765
125178
709378
344426
743960
235871
573569
847195
20030
641723
205438
699828
56219
324195
198130
307232
162693
895504
157221
108079
806935
864228
622819
500076
817822
358754
120392
42798
297479
191342
439662
415108
316520
244553
759534
155993
480424
199479
98700
271318
612067
304138
66659
668286
399197
35653
71030
561890
702021
903603
440834
604469
634207
159165
200057
547542
288784
91314
590340
586263
282656
125515
772235
599177
140932
398145
755170
392220
597624
624734
663538
305203
699736
501061
744353
194445
536714
815383
527200
105112
585362
63546
709581
315082
898063
680502
862624
282359
771816
319340
639486
825337
215719
507233
290890
356651
890
816924
748871
369379
537170
507922
674582
103282
104495
285312
297727
412074
871559
595791
517186
552434
659337
93143
867516
423777
773645
596516
706136
411838
11368
441135
332687
902440
719232
623577
354603
490987
306877
874339
860366
844047
248637
401324
718193
123996
686636
111432
536070
653708
478088
824120
301654
3801
12775
35546
427578
557285
632062
229227
64635
414294
441226
168186
412246
255970
562627
537714
517821
869504
507565
473699
579927
756202
875024
393632
880198
428036
275928
282645
177256
754016
202277
249774
528682
890405
285320
51772
543202
688246
51863
378701
198053
263953
317751
381163
290788
880378
14389
808609
616258
292818
377821
291697
819884
119221
456193
795595
547257
732121
849104
724514
352514
822245
69800
881196
579026
125985
703832
893092
814231
755696
367305
783148
790513
685056
259824
176813
431810
45077
80935
143580
337896
229620
206141
253292
348841
662334
819751
896098
489968
535231
486988
613346
452989
327653
590054
802879
453638
389398
791484
363381
11470
25165
242042
801984
710222
501866
749661
8408
317807
830596
151989
426567
831080
128994
450724
275433
791329
365987
37908
147673
672083
295760
761019
895936
623413
217449
794327
172563
606847
681323
535945
389182
706489
777987
57542
283087
146229
807203
291495
234900
504176
214348
661468
430768
114207
207704
477066
1048
344555
285838
148721
112150
581598
680604
103598
300524
898053
668790
473087
600412
445625
779896
760458
18490
424259
818000
72441
341352
491580
134801
576253
91268
349149
333233
292900
463356
540937
540830
235268
656356
826668
154853
768507
503779
835457
642969
575167
829022
407271
143766
295811
623761
694527
827133
413115
214298
740646
485557
555651
98602
620358
227416
189870
740371
331513
253634
70104
643314
794465
305372
395182
487509
460226
30065
86800
162059
673035
432831
761946
851170
576598
153269
341307
137501
75914
754423
351799
587424
335492
678314
686026
51362
1242
646760
791733
103619
671259
861837
746933
561236
33586
237628
144257
264676
38557
1922
426735
711592
434753
284193
429139
782215
208326
770446
15228
55105
391245
137892
642529
726737
816206
194932
548963
588313
612556
207073
691932
379327
839774
534378
36075
873360
542870
855685
233548
581427
628471
431148
159396
834088
486205
588535
711816
694532
225357
497908
749637
616603
635800
258542
209716
318383
224338
758680
2208
836895
61265
694140
311734
901039
94894
118674
640776
637764
745223
645188
85568
469206
847200
244964
398806
428918
604363
881486
894314
600584
474907
510327
312699
881571
539733
293280
295466
764072
822824
68538
696479
884089
533543
779077
651504
628437
897751
158656
361714
738486
574709
447282
74068
517421
463110
472875
41851
162985
220737
707029
763569
466508
312868
847133
443592
852602
6789
509922
712186
829613
349325
275041
580078
882868
149630
97958
606817
818246
256615
739395
423108
831324
53053
497177
215121
516163
740916
256973
450012
57165
734866
79958
523674
143247
697955
738130
91361
704744
114428
574411
400733
463753
620316
76323
442133
769946
849633
819815
454568
201760
654722
877677
803948
478640
470366
114582
90315
306794
142419
311192
134823
877285
162014
658497
791396
859969
263003
653621
431089
377432
94408
602686
841185
714724
679009
149695
351047
624154
65022
805615
596779
490608
549668
267103
64760
115546
152549
830428
193204
65832
237132
328028
713982
170010
757389
600890
800843
115905
120888
327444
264201
215296
700994
200898
25533
475515
121457
376580
870533
861831
48571
333688
447952
598240
600792
512712
484650
524205
209516
677855
590038
217512
776747
399532
387522
400512
771286
283877
287281
892174
382185
551482
202983
178691
523245
228516
425070
644702
375960
161980
602046
195395
495668
820862
793635
867324
199950
144662
487042
409467
822517
847944
626979
465640
342988
785366
866152
209786
164755
248946
872825
317805
800428
171320
496496
190049
170700
692431
834752
317524
854411
303174
512919
216455
219548
172931
179292
419498
88457
437198
828965
6486
380654
322321
242990
494506
203199
880006
475156
138818
899816
443493
456623
566621
385677
723984
756670
327241
511927
686934
644765
232714
85620
24061
449169
76032
872344
399325
495531
56313
607387
420008
738151
758905
742329
752005
348923
716392
727523
594944
855211
722852
133949
407346
155849
290491
902194
8031
617732
509633
465830
128874
513211
322314
152935
733245
398347
796143
228082
893878
852456
606334
180262
456983
460751
693456
304500
580539
505360
127535
270995
226947
621251
175808
634294
777100
466299
632000
785132
854896
8010
117338
79282
292085
439652
3081
120842
837999
799224
119789
598253
747192
726123
778516
299687
53250
567484
604187
633789
843708
502586
296
166168
219350
176105
571326
767314
413268
69702
418822
363676
753064
536160
213822
140662
71325
216903
32368
680188
111639
152157
373954
629695
649144
247982
700246
702395
586330
170809
202560
296414
673396
202857
462582
663610
149826
804772
526436
333958
874475
40771
468499
493915
347795
682321
634577
419120
899225
666946
194821
106376
589967
568775
736072
105488
587621
302694
807883
269463
473504
105955
336741
242412
79676
570188
1534
366
470472
298834
105189
211323
110469
573688
705239
458265
122385
206192
648249
117122
644002
843070
898851
329482
278221
501299
434970
865842
803993
109229
1681
373009
890536
109287
615421
741077
679475
387819
512307
245459
457518
617496
227647
338851
57560
703750
797116
179946
5454
311742
297068
649457
250324
62295
749803
299410
563594
51149
31628
463100
835730
708662
606973
592642
817949
88771
429231
592936
247454
712403
609259
704972
196275
607770
139336
253836
407032
707316
433782
412487
114570
501714
832808
135759
334874
448987
206033
898468
271000
237661
227944
877594
717187
834918
565748
401512
694553
765844
765312
37519
573759
470084
513356
540898
848718
423556
794734
351263
226384
94892
534614
111819
367471
462934
18442
702345
682785
224475
467189
49297
233000
695134
22403
45700
396428
359015
447212
186493
220371
308037
899364
564994
548985
508232
201405
493215
27300
767003
615342
253685
861896
245468
136368
95743
708402
154810
798088
257563
150149
360789
306860
383149
826787
100127
199713
89591
459143
646926
46948
450378
725827
41825
110885
141188
550057
83154
634403
348222
850157
116122
372771
807565
361590
509139
903308
840857
434813
567772
193932
584962
699426
271657
738975
392589
371784
34201
482181
601791
451991
299993
823034
273330
341818
29431
414518
662740
787937
819785
106474
733606
31419
479245
407548
393010
759248
177232
100243
289573
745005
294175
645399
310807
336696
479886
703396
479345
514087
281089
176648
61590
581083
95194
334920
693765
799977
520302
222881
683426
206464
329355
283409
8747
579464
690957
172621
434224
868189
272864
494661
479570
567040
235572
790377
903736
715459
589286
478593
325058
641239
426106
157513
88698
292164
263297
553328
863006
783600
776209
412808
760928
201077
696217
769675
551405
253550
37809
756494
217252
310673
346667
467686
648577
353104
353576
418690
164075
38374
897283
259997
450477
189765
417510
539176
252794
451672
188016
211312
330784
59737
624120
862576
31678
186714
727763
353948
440264
765572
205954
428380
171758
323485
896067
820335
676589
116019
334537
840664
829745
98197
871526
375734
58826
155412
685774
311620
607084
644654
522932
708732
475256
13429
666820
506934
200143
490096
631746
411271
122044
837700
839652
293802
256698
602095
885002
28799
488978
85915
640328
414235
859464
378230
789969
13803
533642
342120
325423
7103
82286
619220
715835
557542
403513
249032
835341
603656
509992
562599
785791
632036
495812
491819
21351
523374
864778
677217
323037
449268
763132
58877
863503
488973
437107
519849
502776
741614
861969
599063
748717
715119
84659
560064
368174
488172
579960
69891
862692
185464
632490
514860
817501
899166
102191
609716
288916
62482
382445
611954
511750
11953
670831
241630
500926
878803
532343
774566
715929
489824
240006
560158
71319
95529
891086
210357
583702
566559
280248
312770
522887
8251
827630
435900
678281
700686
141128
62710
763168
294437
674664
141294
306391
211871
153788
578181
186186
686131
219124
672979
42331
229994
328649
113651
325523
86112
324008
680089
423535
604257
88372
41934
383372
686866
477835
832517
483064
389827
895227
112608
684265
436267
24767
761520
648139
178555
206077
605189
864687
425201
373681
677882
426059
702330
791533
751583
559306
886406
527184
78353
357039
386420
120288
740411
168799
368987
668440
422727
758814
430044
535336
538591
866311
330967
395623
609962
509522
601701
310664
240585
797766
455209
689332
319338
253051
576377
841785
583222
329159
464481
661575
686198
621766
552727
522121
561429
17226
56938
755020
776041
257846
156732
181008
219669
487699
347496
600496
768086
44709
682024
104183
613339
232745
564379
703541
256660
236269
640838
839882
565428
876184
367834
118003
593462
16073
640124
21267
33300
467926
776287
580205
725772
28532
761213
716306
516231
204221
412314
379829
19794
865202
254877
403998
193459
819256
203051
220983
826389
843890
156378
258194
586450
295076
376197
46288
311149
787185
67555
115313
121488
614706
695518
618124
643238
552244
429942
25846
527329
613120
176539
547124
573834
202280
46634
538157
792401
20549
759141
485166
635303
686383
743360
317265
76971
890421
363553
158984
543983
201972
274298
436335
587543
65328
149971
326293
388436
579914
123003
11278
59410
70407
329266
633245
272687
146764
37778
835952
842665
796919
416631
573481
349678
26367
661610
197513
687653
796028
356498
327148
93512
630796
763483
681055
466988
684318
778213
626289
359744
672080
637567
419155
742487
737697
823264
786039
655325
861042
717503
593502
524338
229646
262495
644880
256014
19618
842394
39179
815646
65268
137191
680022
466928
671538
227454
29428
451368
776531
426581
581977
544123
159660
771996
382123
668221
461636
263674
419058
418190
76689
108073
713392
77200
370568
453785
104078
161050
162555
818609
747560
227823
51312
523095
694751
493714
521413
495043
40594
393456
17137
393435
33091
852149
260943
186078
615883
493443
220616
805805
7146
68170
9390
491402
145370
150823
716051
20312
82737
878606
838921
830298
201941
661097
219769
667556
250323
741182
28976
61781
1014
721465
226081
709457
439990
257888
895536
826737
751332
211664
728055
529342
50698
508309
116256
871420
659132
832308
891732
512734
806426
826165
438544
779232
582774
429177
313164
603961
265871
113004
436607
266885
834469
662688
71854
140836
691440
738254
63085
538284
720783
791140
163138
771481
165826
279395
738414
595822
882567
725658
204068
784505
418200
642612
430113
771838
842653
514142
242176
204036
627146
449647
241785
327992
883199
84504
468828
670151
593622
531913
303948
409917
189430
467086
47775
126120
517345
557053
721942
495424
149087
21523
146306
338151
434999
347283
205502
373165
861425
218542
348065
584084
668189
360715
7588
646900
445219
247280
412563
809705
550057
716511
85999
739487
49974
133774
865607
567319
461691
453926
833608
610778
475449
750778
719794
681312
193573
20808
149989
150511
239350
268919
734595
3051
629634
513047
649951
845717
531191
833378
750934
176760
645402
836933
687112
466240
741571
419095
804423
69638
873021
733543
451281
214846
579833
266587
896159
773407
58259
817012
694782
297609
181443
295753
71524
811077
808800
492339
523170
206367
421229
369617
383127
837495
72926
841103
399247
585362
355711
299183
425864
95108
128238
877145
309955
478936
239244
72490
118719
297503
889502
813501
365976
166458
204766
208364
748399
784430
700703
367082
86309
217445
507563
240300
825804
351353
176916
320564
707579
303491
619747
228956
398599
518849
201613
479418
768649
211722
551908
887368
280089
536923
796381
416930
474245
96659
625294
89020
651953
421510
226966
738262
409819
734529
74075
331135
856747
21855
422563
659838
325346
813174
888794
723945
198400
861272
298876
62561
843858
621648
720794
219459
254083
383551
636389
499192
480211
128060
588213
903028
549570
815179
736803
730253
416085
581742
832252
368344
603597
350328
799046
24455
29878
554217
519264
228278
281865
589004
61704
221235
306165
782498
211558
331112
261561
618812
830305
512636
746872
284894
511177
162818
870937
114356
893071
382534
696098
591699
521742
166071
37539
416301
190526
742770
741382
480654
66560
118759
165171
128264
339994
242200
681626
322416
344176
38700
36740
269993
322200
554476
325751
833377
717294
292201
43245
476741
445599
510207
163953
62854
676278
876844
250019
637668
715126
86913
213835
781687
881024
149870
680815
316530
162934
457954
409810
507110
267518
446551
547968
589718
96539
873719
289472
813834
32296
103581
156951
477896
613789
320904
311614
156443
293261
561633
794112
779251
419410
778811
427314
395946
699545
203642
483340
862479
432460
893150
465101
699978
206077
783933
156072
302617
524029
445544
887315
556325
549126
815130
805085
29291
231547
212211
185734
295672
544708
75358
170435
734982
625033
597750
901792
420090
572256
251508
378081
100228
240171
614047
571070
217112
264356
727142
519729
788385
268199
273420
211087
588189
184063
111684
617480
186474
94760
803214
253010
410332
649437
423445
11691
140846
792059
8995
560937
230691
260504
709882
330919
271539
190305
672853
488651
454662
495508
779245
338559
534571
823529
320510
218272
778456
203059
835752
735794
297819
505342
84316
479015
21155
278626
490706
162002
166197
270566
722939
396889
301934
299197
498672
573473
489503
267038
832988
39677
762546
707745
149100
163493
397651
469611
381765
271619
443534
83893
102926
741353
360099
187242
86744
381255
236732
348315
314121
402930
389745
807924
570683
691679
202633
164867
131528
463000
202769
60028
502677
736179
538638
422642
899672
31801
663117
376949
74284
202163
231706
852562
714380
591806
810669
571988
743925
142913
15815
153558
545843
405560
56994
887390
192751
30491
147770
95143
493492
121403
155172
767033
857583
693810
285187
852767
496475
719168
96093
341623
16843
327799
289698
502087
690469
195879
169588
529906
338792
185403
683464
655500
361828
511322
638402
325443
312678
557036
420587
806170
678440
575759
668715
631535
135945
724767
350678
403284
539447
446771
744907
327155
774571
130117
829242
560552
96860
94342
185971
206517
50610
640299
862017
412438
17998
366795
737881
330676
694696
24844
3222
239512
371467
442801
871047
278276
263080
88101
681560
573392
534873
292844
900547
404956
422961
596165
736372
290686
461372
693207
497203
511982
199883
454732
695284
217881
592391
299541
319421
382599
324386
322643
622111
695853
765444
359534
69642
799389
447636
751202
468293
78021
814910
235216
253841
104248
602245
85725
394934
159129
549797
892137
441975
749680
213245
232771
63073
576500
532313
153358
54612
856699
476001
447587
418928
107821
807122
488570
2722
121134
106149
241879
874507
16571
247959
223860
120819
850205
80449
286617
780198
630246
274266
317686
475438
258375
550457
309375
834876
853634
462733
889488
805845
34246
203451
320286
817420
106085
579720
820142
902571
685869
832886
872590
473305
176357
867314
364988
797426
43276
651606
673137
444386
696736
86335
15337
50624
407656
95576
885500
356803
558310
641364
29024
363420
844815
120174
276352
721765
699895
867359
719848
252140
566621
458815
496309
513842
421641
861298
406781
235781
608416
175430
680168
400664
32629
466369
222152
440285
561945
203164
567952
891119
615392
596977
350052
326584
717151
397268
143861
512558
131003
634573
535563
468488
188900
127384
77843
381406
84194
484624
617187
463474
430918
392867
864139
463547
859236
181803
674696
287558
155832
338161
274189
771224
30650
395105
868672
747801
563238
108045
126736
465105
513483
662299
29106
473247
789683
106949
854653
873878
362437
567353
203728
793355
731084
163379
352414
456697
116047
122622
744255
42743
231647
113956
584831
262297
279926
549016
780963
843164
427925
3211
403781
36920
665510
432887
281032
321569
310700
231197
61823
673137
569414
265552
562004
166875
199795
685282
623572
315842
578769
463339
129449
810416
348159
714281
843578
398949
358809
720053
337625
786734
723264
512271
594519
255150
40670
875551
347583
122235
877612
409407
795372
313403
445823
223753
480278
645618
4547
199362
732325
354180
433565
861774
30973
552588
442431
874551
47050
801240
690116
155539
454351
279756
667810
144382
305770
479345
790797
653353
601580
763921
833624
263328
848188
145823
487081
423978
562306
262493
394204
390143
616673
598633
118293
647646
246734
560725
617709
64648
457477
174201
895539
682692
453957
658862
597938
530591
4583
484247
50321
377027
114545
654809
640355
58245
800633
222949
482224
458451
485442
647292
619458
197627
341438
737751
616138
359036
164852
329359
194548
393194
274425
185599
171398
728382
615325
769337
125350
390772
349096
175671
767799
234505
601344
503667
292751
268353
726616
545839
726804
78434
288643
212638
276061
400945
45902
663063
530845
210754
87935
725393
374812
362360
681857
546211
861606
392694
411060
757820
554331
531020
704355
417642
536390
401212
16821
829141
669565
514301
241356
262746
592735
300863
475384
639661
701809
292150
398236
328166
273769
486171
824424
648581
619395
601793
290304
347378
765351
472228
200710
415194
774113
578
832837
406015
401790
620522
101532
842219
230336
113752
200477
823071
414615
675862
558244
887288
738876
51993
81831
108157
309028
1767
756739
699288
603560
817907
142178
235287
385648
342888
421346
26137
343466
349695
203016
516120
741081
304548
453852
66929
418300
425193
660865
603779
871919
314621
586580
706308
137478
668411
814465
446507
670178
437580
12171
140114
351000
154349
146265
507512
497237
567611
533649
611568
688170
736665
898552
524764
812077
218780
591693
96753
414838
118934
700532
382269
433556
382624
184089
341898
146547
769419
559269
587589
302511
571440
498567
424375
725789
644833
702751
89403
307956
331912
471835
91639
839441
465899
616403
517894
455544
74472
614647
870382
193407
181556
348163
397827
564180
303117
739725
481592
843400
165371
840045
12287
736811
434125
436663
558113
174470
234926
418380
482426
337703
890215
344929
43520
222490
732196
332279
678034
806669
717790
414792
770940
899346
533820
264279
329903
836937
774868
582359
775849
35751
517916
788136
543427
722905
91175
872404
668239
96966
386296
17042
205533
142887
361971
249053
365377
189680
581332
814276
767213
165499
95444
633665
160357
629264
668808
490260
561713
310052
843483
203938
345804
456912
762939
660095
46193
854114
628011
714433
46592
109819
731475
252125
252706
188958
272043
388947
149502
624239
69599
12227
789738
165044
416756
720960
794308
181076
77596
222398
491129
16592
426336
607797
244368
55651
363404
290561
5278
762279
100506
727222
872098
831981
750212
895668
791804
793119
380127
36818
283734
449727
49046
844337
385635
465802
660809
275455
417743
738405
268717
679736
754997
465918
153909
94877
521569
288177
156303
297711
145968
256809
120446
113578
859655
641522
780110
746971
301017
255749
554653
584751
476340
374563
524600
861975
840366
51785
3807
124485
790191
272524
804221
411564
738442
728994
277306
126388
112683
433609
424099
258651
461282
315409
143093
416449
52443
18715
29796
124324
45328
584450
479940
292533
729877
100052
250020
665755
151838
24691
561104
712893
68080
231701
219969
577386
56207
497275
703774
168890
701748
223386
198405
258543
538795
341498
445856
362103
131077
246517
486427
176406
830967
737231
468939
427220
837284
489823
188488
759986
285379
520456
568391
353459
752158
559224
701709
808365
152012
500996
748120
624624
724382
42037
883167
129553
154400
424536
491656
56341
671053
748948
3611
368396
581691
472550
795616
285351
733238
754968
816201
789481
370937
480104
9316
893959
810193
711025
797836
733069
307533
641468
453205
802779
683506
431885
703197
608770
627285
61229
665111
164714
810177
668723
303974
258245
7649
870454
314460
511751
720935
226174
396744
862736
477142
406060
852207
153711
887950
516419
886780
61859
253400
435498
864639
707770
867383
663348
182916
361044
724577
848027
525758
401131
383126
600596
430240
390776
566562
515564
673391
153873
512602
165648
112121
760609
342572
735192
9832
96898
117988
896613
158758
371388
427623
794261
850022
161382
323985
803802
293290
819426
747341
589912
316069
901332
286020
517173
387620
852582
803602
156523
101968
411716
93035
889441
267837
206472
491010
48534
303370
608998
40659
232992
751250
239146
122765
696784
400528
446750
596098
693818
361689
209815
150106
448622
206659
436126
736660
365143
384220
635774
292531
257052
818354
385566
12870
181704
362902
503880
230238
437137
208390
41761
670129
55152
280907
792895
522800
452299
106021
889762
12493
467710
195089
162599
687197
172613
598725
519369
537756
753809
250655
830287
106374
839873
82230
119244
792441
215996
393988
793543
653133
602378
835304
418775
428394
211723
78046
46706
664022
184067
31980
676515
651778
902421
609978
205351
170546
304215
724720
479167
153537
746239
404966
30775
681624
258060
825371
569578
474057
314871
458633
222702
12761
160314
412341
441155
142901
490387
258725
806924
674455
290705
349815
192609
288638
55306
397960
230049
130385
893544
709216
283922
735295
885046
85561
283295
238619
6444
623737
483540
321315
177883
706242
104940
109061
889448
316959
251962
475347
575684
829750
16178
637253
275078
884139
696756
101248
377611
22317
2497
137531
502397
57284
872826
482955
142845
22498
492438
824642
646235
71490
12333
594982
548597
117274
704043
533557
205097
51518
779768
551646
881268
795947
55275
22722
775598
752031
799322
19586
545212
801820
157117
143121
859104
800808
396941
97461
823306
889379
692967
565053
731734
705301
255548
375843
593439
55103
4912
569400
106621
784680
216558
758754
447003
271834
781476
318114
794729
676311
108564
435454
573643
265681
349439
299123
162001
746380
167448
80819
502136
860416
416737
329382
661229
672285
705225
350180
498252
481001
15092
375738
132057
2515
230004
579061
45213
782344
668039
839942
554167
776603
370908
898674
137796
491212
293309
70662
333104
460758
826833
835240
187550
339082
30998
848779
782231
736223
65335
146860
83600
755779
522598
215658
529158
523466
794719
574371
401322
329134
509826
726354
201249
651598
491404
109909
238322
555578
855923
571427
787200
778269
273043
70262
212863
304042
14553
765959
811129
755240
8331
894730
377395
530929
205900
2066
825259
771483
576437
92957
196129
181775
590175
168242
833374
177092
49015
167208
732670
451
509499
386246
778720
553407
456508
762447
857449
241925
623918
534954
92677
403113
525196
470072
704906
731096
472138
625677
368955
819440
489499
335948
96727
175186
504190
700965
352278
553206
639038
855812
324521
14913
337570
198753
568320
564942
732064
292145
806867
222359
827100
670408
625472
447808
235993
425891
45281
478995
822432
414236
164811
407443
750185
32403
582630
120751
733368
705772
444821
238782
427961
769342
253696
536395
738959
822016
196850
566536
209674
774581
788895
132286
540502
280743
350958
547359
477498
396239
797218
395443
581340
57542
573750
197901
89945
22756
318652
594177
728529
763474
832960
22866
399192
857520
559261
233664
545912
526975
571064
755586
397069
226335
658736
33083
507078
780559
351306
80089
272310
244036
246396
853650
301578
591010
147063
162387
613767
236580
527429
208672
770918
455901
231538
265622
179797
561663
270150
725709
184151
841214
347672
581220
163061
777272
385167
441004
653343
736473
291957
21166
751373
309217
645680
823816
900227
563608
81715
380370
800188
609144
589042
437482
835909
591444
703104
111218
19484
68767
607792
203635
680845
50976
555719
614771
599112
711750
151287
347968
314599
443244
139998
161484
523325
785678
80812
519064
215662
162528
899435
786714
542536
354853
319708
244822
717162
118325
356040
736646
862444
734696
711145
409665
556536
362376
119948
251161
844990
42099
599129
255101
256207
739127
416585
779532
391181
497398
394109
377708
430790
159920
259934
744190
285637
579643
84524
773663
697968
211429
605821
426788
41637
183342
836453
598174
545718
727266
849335
257084
769365
314840
512185
121085
824831
24283
671481
82388
292545
161102
460096
723335
91886
720031
563037
148388
395186
418426
17563
864018
629855
623385
157182
671492
577591
764499
136042
218822
587277
756241
246770
223019
166593
758956
114968
762288
783239
786449
844677
171296
718416
171149
665495
581166
891180
94908
729554
152742
513334
747118
787624
238701
236879
40318
681058
814470
804818
817100
804156
258471
668854
146439
481490
606311
907
596458
464112
555010
249284
175165
497170
63212
346314
29041
644378
103871
123949
469445
256613
408148
82939
